



#header



text=Pictures



scale=1



padding=1



align=left



#divider

size=2

color=-1579033





#paragraph

text=I will post some pictures on this site :)



#download



file-app=cdm.pixel_painter



file-data={Author:"zovka",Pixels:[I;0,0,0,0,0,0,0,0,0,0,0,0,0,0,0,0,0,0,0,0,0,0,0,0,0,0,0,0,0,0,0,0,0,0,0,0,0,0,0,0,0,0,0,0,0,0,0,0,0,0,0,0,0,0,0,-13981154,-13981154,0,0,0,0,0,0,0,0,0,0,0,0,-13981154,-13981154,-16711936,-13981154,-13981154,-13981154,0,0,0,0,0,0,0,0,-13981154,-13981154,-13981154,-13981154,-13981154,-13981154,-16711936,-13981154,-13981154,-13981154,0,0,0,0,0,0,-16740096,-16740096,-13981154,-16711936,-16711936,-13981154,-13981154,-13981154,-16740096,-16740096,0,0,0,0,0,0,-16740096,-16740096,-16740096,-16740096,-13981154,-16711936,-16740096,-16740096,-16740096,-16740096,0,0,0,0,0,0,-8426186,-8426186,-16740096,-16740096,-16740096,-16740096,-16740096,-16740096,-8426186,-8426186,0,0,0,0,0,0,-8426186,-8426186,-8426186,-8426186,-16740096,-16740096,-8426186,-8426186,-8426186,-8822474,0,0,0,0,0,0,-8426186,-8426186,-8426186,-8426186,-8426186,-8426186,-8426186,-8426186,-8426186,-8822474,0,0,0,0,0,0,-8426186,-8426186,-8426186,-8426186,-8426186,-8426186,-8426186,-8822474,-8822474,-8822474,0,0,0,0,0,0,0,0,-8426186,-8426186,-8426186,-8822474,-8822474,-8822474,0,0,0,0,0,0,0,0,0,0,0,0,-8822474,-8822474,0,0,0,0,0,0,0,0,0,0,0,0,0,0,0,0,0,0,0,0,0,0,0,0,0,0,0,0,0,0,0,0,0,0,0,0,0,0,0],Name:"picture",Resolution:16}



file-name=minecraft_icon



text=test
